0.0 0.0
0.001 0.0187835693359375
0.002 0.0272369384765625
0.003 0.0330963134765625
0.004 0.038238525390625
0.005 0.0434112548828125
0.006 0.048126220703125
0.007 0.052398681640625
0.008 0.05615234375
0.009 0.0594635009765625
0.01 0.062835693359375
0.011 0.0660552978515625
0.012 0.069091796875
0.013 0.0719451904296875
0.014 0.074432373046875
0.015 0.076934814453125
0.016 0.079498291015625
0.017 0.0821533203125
0.018 0.0848846435546875
0.019 0.08746337890625
0.02 0.089691162109375
0.021 0.092041015625
0.022 0.094451904296875
0.023 0.096527099609375
0.024 0.0987701416015625
0.025 0.1007232666015625
0.026 0.102813720703125
0.027 0.1048583984375
0.028 0.10687255859375
0.029 0.1090087890625
0.03 0.110992431640625
0.031 0.112518310546875
0.032 0.1143341064453125
0.033 0.116424560546875
0.034 0.11822509765625
0.035 0.1197357177734375
0.036 0.12139892578125
0.037 0.123016357421875
0.038 0.1249542236328125
0.039 0.1265411376953125
0.04 0.128387451171875
0.041 0.130157470703125
0.042 0.1319122314453125
0.043 0.133514404296875
0.044 0.134735107421875
0.045 0.1361236572265625
0.046 0.1377410888671875
0.047 0.139007568359375
0.048 0.140380859375
0.049 0.141876220703125
0.05 0.14337158203125
0.051 0.1449127197265625
0.052 0.146484375
0.053 0.1479034423828125
0.054 0.149322509765625
0.055 0.150726318359375
0.056 0.1519775390625
0.057 0.1531982421875
0.058 0.1545562744140625
0.059 0.156036376953125
0.06 0.15740966796875
0.061 0.159088134765625
0.062 0.1605072021484375
0.063 0.161651611328125
0.064 0.16290283203125
0.065 0.164337158203125
0.066 0.1655120849609375
0.067 0.1667022705078125
0.068 0.1681365966796875
0.069 0.16949462890625
0.07 0.17059326171875
0.071 0.172027587890625
0.072 0.1732177734375
0.073 0.1743621826171875
0.074 0.1755523681640625
0.075 0.1767425537109375
0.076 0.1779327392578125
0.077 0.1791229248046875
0.078 0.1800537109375
0.079 0.1815185546875
0.08 0.1826171875
0.081 0.1839447021484375
0.082 0.18499755859375
0.083 0.186492919921875
0.084 0.18780517578125
0.085 0.1888275146484375
0.086 0.1899566650390625
0.087 0.191162109375
0.088 0.1925048828125
0.089 0.1934814453125
0.09 0.1945953369140625
0.091 0.1955108642578125
0.092 0.1966400146484375
0.093 0.1978759765625
0.094 0.1988525390625
0.095 0.2000732421875
0.096 0.2010650634765625
0.097 0.202178955078125
0.098 0.203277587890625
0.099 0.2043914794921875
0.1 0.2053375244140625
0.101 0.206451416015625
0.102 0.20751953125
0.103 0.2086944580078125
0.104 0.20947265625
0.105 0.210479736328125
0.106 0.21160888671875
0.107 0.2126922607421875
0.108 0.2137603759765625
0.109 0.2147369384765625
0.11 0.215667724609375
0.111 0.2166900634765625
0.112 0.2177886962890625
0.113 0.2188568115234375
0.114 0.21990966796875
0.115 0.220794677734375
0.116 0.22198486328125
0.117 0.22296142578125
0.118 0.2237396240234375
0.119 0.2246551513671875
0.12 0.2255096435546875
0.121 0.2262420654296875
0.122 0.2274322509765625
0.123 0.2283172607421875
0.124 0.2291412353515625
0.125 0.230133056640625
0.126 0.231292724609375
0.127 0.232330322265625
0.128 0.2332763671875
0.129 0.234344482421875
0.13 0.235443115234375
0.131 0.2362823486328125
0.132 0.2371673583984375
0.133 0.238006591796875
0.134 0.2388916015625
0.135 0.2398223876953125
0.136 0.2408294677734375
0.137 0.2416534423828125
0.138 0.2425384521484375
0.139 0.2434539794921875
0.14 0.244476318359375
0.141 0.2455291748046875
0.142 0.2462310791015625
0.143 0.2471466064453125
0.144 0.248138427734375
0.145 0.248992919921875
0.146 0.2497100830078125
0.147 0.2504119873046875
0.148 0.2513427734375
0.149 0.25238037109375
0.15 0.253265380859375
0.151 0.25421142578125
0.152 0.2550811767578125
0.153 0.2561187744140625
0.154 0.257049560546875
0.155 0.2581024169921875
0.156 0.259246826171875
0.157 0.2601165771484375
0.158 0.2608642578125
0.159 0.2618865966796875
0.16 0.2627716064453125
0.161 0.2635498046875
0.162 0.2644195556640625
0.163 0.265289306640625
0.164 0.2661895751953125
0.165 0.2669525146484375
0.166 0.2677459716796875
0.167 0.2684173583984375
0.168 0.2693634033203125
0.169 0.2700042724609375
0.17 0.270782470703125
0.171 0.2715606689453125
0.172 0.27239990234375
0.173 0.2730865478515625
0.174 0.273956298828125
0.175 0.27490234375
0.176 0.2757110595703125
0.177 0.27642822265625
0.178 0.277252197265625
0.179 0.2779998779296875
0.18 0.2787017822265625
0.181 0.2795562744140625
0.182 0.280364990234375
0.183 0.2810516357421875
0.184 0.281890869140625
0.185 0.2826690673828125
0.186 0.28350830078125
0.187 0.2841949462890625
0.188 0.2849273681640625
0.189 0.285797119140625
0.19 0.2867584228515625
0.191 0.2877044677734375
0.192 0.288543701171875
0.193 0.2892303466796875
0.194 0.28997802734375
0.195 0.2908782958984375
0.196 0.291717529296875
0.197 0.2924346923828125
0.198 0.2931976318359375
0.199 0.29400634765625
0.2 0.29473876953125
0.201 0.2957000732421875
0.202 0.2965087890625
0.203 0.297271728515625
0.204 0.298095703125
0.205 0.2988433837890625
0.206 0.2998199462890625
0.207 0.3006439208984375
0.208 0.3013153076171875
0.209 0.3021392822265625
0.21 0.3027496337890625
0.211 0.3035736083984375
0.212 0.3042449951171875
0.213 0.30511474609375
0.214 0.3057708740234375
0.215 0.306610107421875
0.216 0.3073577880859375
0.217 0.3080596923828125
0.218 0.30889892578125
0.219 0.3098297119140625
0.22 0.3105926513671875
0.221 0.3113250732421875
0.222 0.3118896484375
0.223 0.3126678466796875
0.224 0.3134765625
0.225 0.3143310546875
0.226 0.315185546875
0.227 0.316070556640625
0.228 0.3167266845703125
0.229 0.3175811767578125
0.23 0.3183746337890625
0.231 0.3192596435546875
0.232 0.3198699951171875
0.233 0.320587158203125
0.234 0.321319580078125
0.235 0.32196044921875
0.236 0.3225250244140625
0.237 0.323272705078125
0.238 0.324005126953125
0.239 0.324981689453125
0.24 0.3256072998046875
0.241 0.3263092041015625
0.242 0.327056884765625
0.243 0.3278961181640625
0.244 0.32861328125
0.245 0.32916259765625
0.246 0.33001708984375
0.247 0.3307647705078125
0.248 0.3314666748046875
0.249 0.332061767578125
0.25 0.3326263427734375
0.251 0.333404541015625
0.252 0.334136962890625
0.253 0.33477783203125
0.254 0.3356475830078125
0.255 0.33648681640625
0.256 0.3372344970703125
0.257 0.33795166015625
0.258 0.3384857177734375
0.259 0.3390350341796875
0.26 0.339935302734375
0.261 0.340667724609375
0.262 0.3414306640625
0.263 0.34228515625
0.264 0.3430328369140625
0.265 0.34381103515625
0.266 0.344451904296875
0.267 0.3451690673828125
0.268 0.345794677734375
0.269 0.3463897705078125
0.27 0.34722900390625
0.271 0.347869873046875
0.272 0.348846435546875
0.273 0.3495941162109375
0.274 0.3502655029296875
0.275 0.350860595703125
0.276 0.35162353515625
0.277 0.35223388671875
0.278 0.3531036376953125
0.279 0.3538055419921875
0.28 0.3545684814453125
0.281 0.355316162109375
0.282 0.35601806640625
0.283 0.3566436767578125
0.284 0.35748291015625
0.285 0.3581390380859375
0.286 0.3587188720703125
0.287 0.359375
0.288 0.3599090576171875
0.289 0.360687255859375
0.29 0.3614654541015625
0.291 0.3623046875
0.292 0.3629150390625
0.293 0.3636322021484375
0.294 0.3642425537109375
0.295 0.3649139404296875
0.296 0.36578369140625
0.297 0.366363525390625
0.298 0.3672027587890625
0.299 0.367767333984375
0.3 0.3685150146484375
0.301 0.3690643310546875
0.302 0.3697662353515625
0.303 0.37054443359375
0.304 0.3712921142578125
0.305 0.3722686767578125
0.306 0.373077392578125
0.307 0.3738555908203125
0.308 0.374420166015625
0.309 0.3751220703125
0.31 0.3757781982421875
0.311 0.376190185546875
0.312 0.37689208984375
0.313 0.3777008056640625
0.314 0.37841796875
0.315 0.3791046142578125
0.316 0.3798675537109375
0.317 0.380462646484375
0.318 0.3812255859375
0.319 0.382049560546875
0.32 0.3826904296875
0.321 0.38348388671875
0.322 0.3842620849609375
0.323 0.3849029541015625
0.324 0.3855133056640625
0.325 0.3861083984375
0.326 0.386871337890625
0.327 0.387542724609375
0.328 0.3883514404296875
0.329 0.3890533447265625
0.33 0.3897552490234375
0.331 0.390350341796875
0.332 0.3912200927734375
0.333 0.391845703125
0.334 0.39251708984375
0.335 0.393035888671875
0.336 0.393829345703125
0.337 0.3946380615234375
0.338 0.3951568603515625
0.339 0.395782470703125
0.34 0.3964691162109375
0.341 0.3971710205078125
0.342 0.3978118896484375
0.343 0.398590087890625
0.344 0.399505615234375
0.345 0.400299072265625
0.346 0.4010162353515625
0.347 0.40155029296875
0.348 0.40234375
0.349 0.4029998779296875
0.35 0.40374755859375
0.351 0.4046783447265625
0.352 0.4053802490234375
0.353 0.4061126708984375
0.354 0.40679931640625
0.355 0.4075164794921875
0.356 0.4082183837890625
0.357 0.40869140625
0.358 0.409332275390625
0.359 0.409881591796875
0.36 0.41058349609375
0.361 0.4111175537109375
0.362 0.4119110107421875
0.363 0.4125518798828125
0.364 0.413177490234375
0.365 0.414031982421875
0.366 0.4146728515625
0.367 0.4153289794921875
0.368 0.4162139892578125
0.369 0.416900634765625
0.37 0.417449951171875
0.371 0.418060302734375
0.372 0.4186553955078125
0.373 0.4192352294921875
0.374 0.4199066162109375
0.375 0.420440673828125
0.376 0.4211273193359375
0.377 0.42169189453125
0.378 0.4223175048828125
0.379 0.4230194091796875
0.38 0.4236297607421875
0.381 0.424346923828125
0.382 0.425048828125
0.383 0.42572021484375
0.384 0.4262847900390625
0.385 0.4270172119140625
0.386 0.427764892578125
0.387 0.4283599853515625
0.388 0.42901611328125
0.389 0.4297332763671875
0.39 0.430206298828125
0.391 0.4308013916015625
0.392 0.4314117431640625
0.393 0.431976318359375
0.394 0.4327239990234375
0.395 0.433380126953125
0.396 0.4340362548828125
0.397 0.4346160888671875
0.398 0.4352874755859375
0.399 0.43597412109375
0.4 0.4366607666015625
0.401 0.4373931884765625
0.402 0.43829345703125
0.403 0.43878173828125
0.404 0.4394073486328125
0.405 0.4401397705078125
0.406 0.4406585693359375
0.407 0.4413299560546875
0.408 0.441925048828125
0.409 0.442657470703125
0.41 0.443511962890625
0.411 0.4442291259765625
0.412 0.4448394775390625
0.413 0.4455718994140625
0.414 0.4461212158203125
0.415 0.44671630859375
0.416 0.447235107421875
0.417 0.44769287109375
0.418 0.4482879638671875
0.419 0.44891357421875
0.42 0.4495849609375
0.421 0.4501495361328125
0.422 0.4508819580078125
0.423 0.4513397216796875
0.424 0.4518585205078125
0.425 0.4524993896484375
0.426 0.4532012939453125
0.427 0.45391845703125
0.428 0.454803466796875
0.429 0.45538330078125
0.43 0.4559478759765625
0.431 0.456695556640625
0.432 0.45721435546875
0.433 0.457763671875
0.434 0.4582672119140625
0.435 0.4589080810546875
0.436 0.459442138671875
0.437 0.4601898193359375
0.438 0.4609527587890625
0.439 0.461669921875
0.44 0.4625244140625
0.441 0.4631500244140625
0.442 0.463775634765625
0.443 0.46441650390625
0.444 0.46514892578125
0.445 0.465850830078125
0.446 0.4663543701171875
0.447 0.4669342041015625
0.448 0.467620849609375
0.449 0.46832275390625
0.45 0.4691009521484375
0.451 0.4698333740234375
0.452 0.4705047607421875
0.453 0.4712677001953125
0.454 0.47186279296875
0.455 0.472625732421875
0.456 0.47320556640625
0.457 0.473846435546875
0.458 0.47442626953125
0.459 0.475006103515625
0.46 0.475616455078125
0.461 0.4762420654296875
0.462 0.47686767578125
0.463 0.4774627685546875
0.464 0.477996826171875
0.465 0.478607177734375
0.466 0.479339599609375
0.467 0.480010986328125
0.468 0.48065185546875
0.469 0.4813232421875
0.47 0.4820404052734375
0.471 0.482666015625
0.472 0.4831695556640625
0.473 0.4837799072265625
0.474 0.4843292236328125
0.475 0.4850921630859375
0.476 0.4857635498046875
0.477 0.4862823486328125
0.478 0.486846923828125
0.479 0.487640380859375
0.48 0.488250732421875
0.481 0.4890594482421875
0.482 0.4899139404296875
0.483 0.490631103515625
0.484 0.49127197265625
0.485 0.491790771484375
0.486 0.4924468994140625
0.487 0.4930572509765625
0.488 0.4936065673828125
0.489 0.4941558837890625
0.49 0.494964599609375
0.491 0.4954681396484375
0.492 0.496063232421875
0.493 0.4967041015625
0.494 0.497314453125
0.495 0.4977874755859375
0.496 0.4983367919921875
0.497 0.4989013671875
0.498 0.499420166015625
0.499 0.50006103515625
0.5 0.5006866455078125
0.501 0.50128173828125
0.502 0.5018310546875
0.503 0.50238037109375
0.504 0.5029754638671875
0.505 0.5037078857421875
0.506 0.5043792724609375
0.507 0.5050201416015625
0.508 0.5056610107421875
0.509 0.5063629150390625
0.51 0.5070037841796875
0.511 0.5076751708984375
0.512 0.5083770751953125
0.513 0.5092620849609375
0.514 0.509765625
0.515 0.510406494140625
0.516 0.51092529296875
0.517 0.5117034912109375
0.518 0.5125274658203125
0.519 0.5133514404296875
0.52 0.5139617919921875
0.521 0.5146636962890625
0.522 0.51531982421875
0.523 0.5160980224609375
0.524 0.516876220703125
0.525 0.517578125
0.526 0.5184478759765625
0.527 0.5192413330078125
0.528 0.5198516845703125
0.529 0.5206146240234375
0.53 0.5210418701171875
0.531 0.5216522216796875
0.532 0.5222930908203125
0.533 0.5229339599609375
0.534 0.5238189697265625
0.535 0.5243377685546875
0.536 0.52496337890625
0.537 0.52569580078125
0.538 0.5261993408203125
0.539 0.5269012451171875
0.54 0.5274658203125
0.541 0.5280914306640625
0.542 0.52874755859375
0.543 0.52947998046875
0.544 0.5300750732421875
0.545 0.5307159423828125
0.546 0.5315093994140625
0.547 0.53216552734375
0.548 0.5326995849609375
0.549 0.533355712890625
0.55 0.5339508056640625
0.551 0.5346221923828125
0.552 0.53521728515625
0.553 0.53570556640625
0.554 0.5360870361328125
0.555 0.5366363525390625
0.556 0.5371856689453125
0.557 0.5379486083984375
0.558 0.5386810302734375
0.559 0.5394439697265625
0.56 0.5400390625
0.561 0.54058837890625
0.562 0.541259765625
0.563 0.541961669921875
0.564 0.5425262451171875
0.565 0.5430755615234375
0.566 0.5438232421875
0.567 0.544342041015625
0.568 0.5448455810546875
0.569 0.545501708984375
0.57 0.546142578125
0.571 0.5467529296875
0.572 0.5474090576171875
0.573 0.5480194091796875
0.574 0.5486297607421875
0.575 0.5493011474609375
0.576 0.54998779296875
0.577 0.5506439208984375
0.578 0.5513763427734375
0.579 0.552093505859375
0.58 0.55279541015625
0.581 0.55328369140625
0.582 0.5538482666015625
0.583 0.5545806884765625
0.584 0.5552978515625
0.585 0.5559844970703125
0.586 0.5566558837890625
0.587 0.5573272705078125
0.588 0.557861328125
0.589 0.55841064453125
0.59 0.5589752197265625
0.591 0.55950927734375
0.592 0.5601043701171875
0.593 0.560791015625
0.594 0.561431884765625
0.595 0.5621490478515625
0.596 0.5628204345703125
0.597 0.5633697509765625
0.598 0.563812255859375
0.599 0.5643310546875
0.6 0.5649261474609375
0.601 0.56585693359375
0.602 0.56634521484375
0.603 0.5669708251953125
0.604 0.5675811767578125
0.605 0.5682373046875
0.606 0.56878662109375
0.607 0.5693206787109375
0.608 0.5699615478515625
0.609 0.57073974609375
0.61 0.5713653564453125
0.611 0.57196044921875
0.612 0.5726470947265625
0.613 0.5731964111328125
0.614 0.5738372802734375
0.615 0.5743408203125
0.616 0.5750732421875
0.617 0.575897216796875
0.618 0.5764617919921875
0.619 0.57720947265625
0.62 0.5778656005859375
0.621 0.578521728515625
0.622 0.5790557861328125
0.623 0.57977294921875
0.624 0.5803680419921875
0.625 0.580902099609375
0.626 0.581573486328125
0.627 0.582183837890625
0.628 0.5828399658203125
0.629 0.583587646484375
0.63 0.5841064453125
0.631 0.584869384765625
0.632 0.58538818359375
0.633 0.5859527587890625
0.634 0.586578369140625
0.635 0.5872650146484375
0.636 0.587921142578125
0.637 0.588653564453125
0.638 0.5894012451171875
0.639 0.589996337890625
0.64 0.590667724609375
0.641 0.59124755859375
0.642 0.591949462890625
0.643 0.5926513671875
0.644 0.593353271484375
0.645 0.5941009521484375
0.646 0.5945892333984375
0.647 0.5953369140625
0.648 0.595947265625
0.649 0.5966033935546875
0.65 0.597259521484375
0.651 0.5980224609375
0.652 0.5985870361328125
0.653 0.5991973876953125
0.654 0.6001434326171875
0.655 0.6009979248046875
0.656 0.601898193359375
0.657 0.602508544921875
0.658 0.6028900146484375
0.659 0.603546142578125
0.66 0.6043853759765625
0.661 0.60504150390625
0.662 0.605712890625
0.663 0.6063385009765625
0.664 0.6068878173828125
0.665 0.607452392578125
0.666 0.6082763671875
0.667 0.60888671875
0.668 0.609588623046875
0.669 0.610137939453125
0.67 0.6109161376953125
0.671 0.61175537109375
0.672 0.61224365234375
0.673 0.6128692626953125
0.674 0.6134796142578125
0.675 0.6142578125
0.676 0.6148529052734375
0.677 0.61566162109375
0.678 0.6162872314453125
0.679 0.61700439453125
0.68 0.6176605224609375
0.681 0.618560791015625
0.682 0.61907958984375
0.683 0.6197052001953125
0.684 0.6204833984375
0.685 0.6211395263671875
0.686 0.621856689453125
0.687 0.6225433349609375
0.688 0.6233062744140625
0.689 0.6239471435546875
0.69 0.624664306640625
0.691 0.6251220703125
0.692 0.62591552734375
0.693 0.6265869140625
0.694 0.6273956298828125
0.695 0.6279144287109375
0.696 0.62872314453125
0.697 0.629486083984375
0.698 0.6303253173828125
0.699 0.630950927734375
0.7 0.631805419921875
0.701 0.6324615478515625
0.702 0.633331298828125
0.703 0.6339111328125
0.704 0.63446044921875
0.705 0.6351776123046875
0.706 0.6360015869140625
0.707 0.6366729736328125
0.708 0.637451171875
0.709 0.63812255859375
0.71 0.6388702392578125
0.711 0.6397705078125
0.712 0.6402435302734375
0.713 0.6409912109375
0.714 0.641632080078125
0.715 0.6423797607421875
0.716 0.6429901123046875
0.717 0.6436614990234375
0.718 0.6441802978515625
0.719 0.6448822021484375
0.72 0.6454925537109375
0.721 0.6460418701171875
0.722 0.6465606689453125
0.723 0.6472320556640625
0.724 0.6479644775390625
0.725 0.6485748291015625
0.726 0.6493377685546875
0.727 0.6502532958984375
0.728 0.651031494140625
0.729 0.651641845703125
0.73 0.6522369384765625
0.731 0.6529998779296875
0.732 0.6537628173828125
0.733 0.65460205078125
0.734 0.65521240234375
0.735 0.6561431884765625
0.736 0.6568450927734375
0.737 0.6575927734375
0.738 0.6582794189453125
0.739 0.6588287353515625
0.74 0.659576416015625
0.741 0.6602020263671875
0.742 0.660980224609375
0.743 0.6616058349609375
0.744 0.6623077392578125
0.745 0.6629791259765625
0.746 0.6637115478515625
0.747 0.6643829345703125
0.748 0.6650543212890625
0.749 0.6656341552734375
0.75 0.66632080078125
0.751 0.667022705078125
0.752 0.66778564453125
0.753 0.6685028076171875
0.754 0.669097900390625
0.755 0.669647216796875
0.756 0.6704254150390625
0.757 0.671234130859375
0.758 0.6719970703125
0.759 0.6728668212890625
0.76 0.673583984375
0.761 0.6741943359375
0.762 0.6751556396484375
0.763 0.675750732421875
0.764 0.6764068603515625
0.765 0.6769866943359375
0.766 0.677703857421875
0.767 0.678375244140625
0.768 0.6791229248046875
0.769 0.679931640625
0.77 0.680633544921875
0.771 0.681427001953125
0.772 0.6822509765625
0.773 0.6828155517578125
0.774 0.6837005615234375
0.775 0.6843719482421875
0.776 0.685333251953125
0.777 0.6860504150390625
0.778 0.6868743896484375
0.779 0.687591552734375
0.78 0.688446044921875
0.781 0.6892547607421875
0.782 0.6898651123046875
0.783 0.6906890869140625
0.784 0.69140625
0.785 0.69232177734375
0.786 0.6930389404296875
0.787 0.69378662109375
0.788 0.6945037841796875
0.789 0.6953887939453125
0.79 0.69610595703125
0.791 0.696868896484375
0.792 0.6977996826171875
0.793 0.6983489990234375
0.794 0.6994476318359375
0.795 0.700347900390625
0.796 0.701141357421875
0.797 0.7017974853515625
0.798 0.7024993896484375
0.799 0.703399658203125
0.8 0.7040863037109375
0.801 0.70489501953125
0.802 0.7058563232421875
0.803 0.706634521484375
0.804 0.7073974609375
0.805 0.7081146240234375
0.806 0.7088470458984375
0.807 0.70947265625
0.808 0.7103118896484375
0.809 0.711181640625
0.81 0.7119140625
0.811 0.7125244140625
0.812 0.71319580078125
0.813 0.7141265869140625
0.814 0.714935302734375
0.815 0.715667724609375
0.816 0.716461181640625
0.817 0.71722412109375
0.818 0.7178497314453125
0.819 0.718780517578125
0.82 0.71954345703125
0.821 0.7202606201171875
0.822 0.7209930419921875
0.823 0.7220916748046875
0.824 0.7228546142578125
0.825 0.7239532470703125
0.826 0.724700927734375
0.827 0.7255401611328125
0.828 0.726531982421875
0.829 0.727203369140625
0.83 0.7280120849609375
0.831 0.72894287109375
0.832 0.7298126220703125
0.833 0.730865478515625
0.834 0.7317047119140625
0.835 0.7322998046875
0.836 0.73321533203125
0.837 0.734039306640625
0.838 0.7349395751953125
0.839 0.735931396484375
0.84 0.7367095947265625
0.841 0.73760986328125
0.842 0.7384796142578125
0.843 0.739288330078125
0.844 0.74029541015625
0.845 0.7412872314453125
0.846 0.7423095703125
0.847 0.743377685546875
0.848 0.744415283203125
0.849 0.7451171875
0.85 0.7462615966796875
0.851 0.7472686767578125
0.852 0.748016357421875
0.853 0.7488250732421875
0.854 0.749908447265625
0.855 0.7507476806640625
0.856 0.7514190673828125
0.857 0.7521209716796875
0.858 0.7530364990234375
0.859 0.7539215087890625
0.86 0.7549591064453125
0.861 0.7559814453125
0.862 0.7568359375
0.863 0.7578887939453125
0.864 0.75872802734375
0.865 0.7597808837890625
0.866 0.760711669921875
0.867 0.7616119384765625
0.868 0.7625885009765625
0.869 0.763519287109375
0.87 0.764617919921875
0.871 0.765716552734375
0.872 0.7666015625
0.873 0.7676239013671875
0.874 0.7685394287109375
0.875 0.76959228515625
0.876 0.77056884765625
0.877 0.7713470458984375
0.878 0.77239990234375
0.879 0.773468017578125
0.88 0.774383544921875
0.881 0.7754974365234375
0.882 0.776336669921875
0.883 0.77728271484375
0.884 0.778289794921875
0.885 0.779388427734375
0.886 0.780487060546875
0.887 0.7815399169921875
0.888 0.782623291015625
0.889 0.783477783203125
0.89 0.7844696044921875
0.891 0.785400390625
0.892 0.7865447998046875
0.893 0.78753662109375
0.894 0.78857421875
0.895 0.7894439697265625
0.896 0.790374755859375
0.897 0.7914276123046875
0.898 0.79254150390625
0.899 0.7937164306640625
0.9 0.7947540283203125
0.901 0.7957916259765625
0.902 0.7967987060546875
0.903 0.7980804443359375
0.904 0.7993927001953125
0.905 0.800689697265625
0.906 0.8019256591796875
0.907 0.8030548095703125
0.908 0.8040618896484375
0.909 0.805267333984375
0.91 0.806488037109375
0.911 0.8077850341796875
0.912 0.8090057373046875
0.913 0.8101348876953125
0.914 0.81134033203125
0.915 0.81256103515625
0.916 0.8134918212890625
0.917 0.814697265625
0.918 0.815826416015625
0.919 0.816925048828125
0.92 0.8181610107421875
0.921 0.819183349609375
0.922 0.8203125
0.923 0.8215179443359375
0.924 0.8226776123046875
0.925 0.8240509033203125
0.926 0.8252105712890625
0.927 0.8266448974609375
0.928 0.8278961181640625
0.929 0.829071044921875
0.93 0.8303070068359375
0.931 0.8315582275390625
0.932 0.832916259765625
0.933 0.83404541015625
0.934 0.8350677490234375
0.935 0.83642578125
0.936 0.837554931640625
0.937 0.839019775390625
0.938 0.8401947021484375
0.939 0.8414459228515625
0.94 0.84259033203125
0.941 0.844085693359375
0.942 0.845184326171875
0.943 0.846588134765625
0.944 0.8480377197265625
0.945 0.849517822265625
0.946 0.8509063720703125
0.947 0.8524627685546875
0.948 0.8538818359375
0.949 0.8552398681640625
0.95 0.8566131591796875
0.951 0.8581390380859375
0.952 0.8594818115234375
0.953 0.860931396484375
0.954 0.86236572265625
0.955 0.86383056640625
0.956 0.865234375
0.957 0.866851806640625
0.958 0.8683929443359375
0.959 0.8698883056640625
0.96 0.8717498779296875
0.961 0.873382568359375
0.962 0.8750457763671875
0.963 0.876373291015625
0.964 0.878204345703125
0.965 0.8798065185546875
0.966 0.881561279296875
0.967 0.88330078125
0.968 0.8853302001953125
0.969 0.886962890625
0.97 0.888671875
0.971 0.8904876708984375
0.972 0.892242431640625
0.973 0.8942413330078125
0.974 0.896148681640625
0.975 0.8979949951171875
0.976 0.9002532958984375
0.977 0.9020233154296875
0.978 0.90435791015625
0.979 0.906768798828125
0.98 0.9090728759765625
0.981 0.911285400390625
0.982 0.9133148193359375
0.983 0.9156646728515625
0.984 0.9179229736328125
0.985 0.920745849609375
0.986 0.9234619140625
0.987 0.9264678955078125
0.988 0.9295654296875
0.989 0.9319915771484375
0.99 0.935150146484375
0.991 0.938446044921875
0.992 0.9422607421875
0.993 0.9458770751953125
0.994 0.9496612548828125
0.995 0.9539337158203125
0.996 0.9588470458984375
0.997 0.964111328125
0.998 0.97113037109375
0.999 0.9805450439453125
1.0 1.0
